0.7296273542404175
0.6050941357135773
0.4818413690090179
0.39789665672779084
0.33045030144453047
0.27460922013521194
0.2348145001679659
0.19812070954442024
0.16255600790977479
0.1274027859598398
0.1107510949768126
0.09192483841590583
0.0835056166306138
0.06896397262513637
0.0549323508632835
0.049397202632483095
0.041633618327020665
0.04045584505161969
0.028605035859689813
0.03830826634953264
0.027966681191686077
0.021054948759800754
0.02302968607065268
0.026617443742425532
0.00995928016158341
0.013046812408719598
0.020321754902876275
0.020890716309771233
0.009009751476725069
0.006938197290878361
0.008313805750201027
0.014869521655762219
0.016998135420561448
0.012870065481743586
0.010480256947719318
0.008977024333924145
0.010313832069682666
0.011067301414329267
0.0020565349940453418
0.0005856631646923915
0.00014910504113922797
3.850250244116751e-05
2.436386626620788e-05
1.973316806610157e-05
1.672055549294029e-05
1.4551561825297199e-05
1.2894213406550747e-05
1.15893834426533e-05
1.0514877215459251e-05
9.631082011652125e-06
8.88039989013727e-06
8.22642974134382e-06
7.681745022496144e-06
7.192105454736364e-06
6.764806533519518e-06
6.380280093437562e-06
6.0410441148011526e-06
5.735455830665259e-06
5.457759868054879e-06
5.203846051135841e-06
4.976050621721484e-06
4.764205623474638e-06
4.572143126099704e-06
4.394642361424061e-06
4.229497560418238e-06
4.077255268125412e-06
3.934862525025906e-06
3.80125073789479e-06
3.6767808019355642e-06
3.561191645897921e-06
3.4500064946016094e-06
3.3463094012649466e-06
3.2482401108094193e-06
3.1568881996967946e-06
3.0684466780790843e-06
2.985099600749308e-06
2.906630202610927e-06
2.831268183311764e-06
2.7597586354129788e-06
2.6916025826892566e-06
2.6268751746997053e-06
2.5650813845206953e-06
2.5053014481567715e-06
2.449629286568822e-06
2.3965737508429896e-06
2.345508777740335e-06
2.295754157045593e-06
2.2484366154046144e-06
2.201958780232616e-06
2.1576013944009986e-06
2.1163308663801674e-06
2.0758348002242856e-06
2.0374421504588013e-06
1.9990371078908e-06
1.963229419616752e-06
1.9283881219646304e-06
1.8943746436406172e-06
1.8619038008303334e-06
1.8308331179365921e-06
1.8000135335778823e-06
