0.6765033499717712
0.6430061230659485
0.5733328095436097
0.5211691741466522
0.4825764305830002
0.44891149690151216
0.42057015810012816
0.39725667617321014
0.35880722715854646
0.33483861079216004
0.31220361572504046
0.28622600383758545
0.2591649804890156
0.2380897980570793
0.21271909782290457
0.1883613539636135
0.17884880135506392
0.15956954470574855
0.1363305258706212
0.14407150011658668
0.12154974666684866
0.11544020862579346
0.10422220112606884
0.09621294480189681
0.09814613706702366
0.08782584282904864
0.0769253706632182
0.07722347438475118
0.06818125707693398
0.0641461057588458
0.06981815505782142
0.05755714874304831
0.049181893689464774
0.061775211249745915
0.04372624732508557
0.045847081255132795
0.03994440336332191
0.03671165668396279
0.050738225798355414
0.03391924865059555
0.04627376745711081
0.035254938037495596
0.04193610436675371
0.030237502954993396
0.030296060288026637
0.030527251260052436
0.031449192358157595
0.031899529221118425
0.02806448200797895
0.019165411964891247
0.03297718838621076
0.025438669919228413
0.03283477751843311
0.022777399373831577
0.02532174095856899
0.018457946084803552
0.020985512458569427
0.016950071518281765
0.027267788040929008
0.016724129186518985
0.02121677715390688
0.020435649694499444
0.027409275335230632
0.023868149959435685
0.022377235541131812
0.018306665454401808
0.014307771692152891
0.014202960834724217
0.015353015736376983
0.014523923102616482
0.017091109174559097
0.013955429497959268
0.009031668167392126
0.013776165173570347
0.015520646375248907
0.01984972832186322
0.010668386685902805
0.008408471714203551
0.010804495853177287
0.015761766351120605
0.012274853861188968
0.016199396546412028
0.010557504323055036
0.01529711112619425
0.015521127941981103
0.011573412798410673
0.012452603510724294
0.010363290443117694
0.004902772590446512
0.009133768604464966
0.006957786323782466
0.005061167160565299
0.007567077238841512
0.013438018443551664
0.010615205423624253
0.01088231515147545
0.011289370884875598
0.0064701145555733095
0.008892014887352298
0.009451039767848215
