0.6621076030731201
0.6117622034072876
0.566506135892868
0.5340511759281158
0.5058314807891846
0.4744943608760834
0.447884871339798
0.41757786252498624
0.3944096226453781
0.36756436705589296
0.33682963520288467
0.30560344516038895
0.2816521381855011
0.2568843000411987
0.2203256500661373
0.2044876863360405
0.17963041162192822
0.15984735436737538
0.1492909876793623
0.12681882336214184
0.13238483028188347
0.10643597910851241
0.10757807585522533
0.08544695838838816
0.08876671145409346
0.08979584759287536
0.08032174870371818
0.05976303841145709
0.0662094012979418
0.06947343068355695
0.06761744850203395
0.04081626012066845
0.07082374872583896
0.060450856827478854
0.033790188346849756
0.035197087697818645
0.045912095383671116
0.04613042156625306
0.02903930478943512
0.023629809319530615
0.05497959450132912
0.04007730094291037
0.04414755282041151
0.023578763475868618
0.020001148097164696
0.017279920510112425
0.025319752271927426
0.0347726433251577
0.029353754364792258
0.03203391417242819
0.04386455862444709
0.013892815418416285
0.011107429664376832
0.04315244050070178
0.03511701696867239
0.011300546057909379
0.0045787060259761345
0.0016263905121120842
0.0016479630503890804
0.0006562427237080555
0.001967661402055228
0.0004961632822221872
0.0001510290956450234
0.00012436357325068458
0.00010605652822605407
9.098651368951777e-05
8.038509062633921e-05
7.274253954249162e-05
6.713241754689534e-05
6.190319075234356e-05
5.659720430749075e-05
5.2964183768938255e-05
4.909756731929065e-05
4.623734770759711e-05
4.322272837689525e-05
4.112258702663496e-05
3.854018959602854e-05
3.6945798307027647e-05
3.505616019436957e-05
3.330598487230532e-05
3.204900700593498e-05
3.060943335220827e-05
2.934554908131162e-05
2.8241822764141488e-05
2.7055689827261632e-05
2.6165402956004868e-05
2.5131938836122458e-05
2.4252667683038e-05
2.3625247182076238e-05
2.2762545124169264e-05
2.2082050631775017e-05
2.1382540399085316e-05
2.071431389344838e-05
2.0201229650376717e-05
1.9627956622947805e-05
1.9115476911326822e-05
1.8613835063680994e-05
1.8108931303646614e-05
1.7665233373435287e-05
1.724226888470497e-05
