0.6717550818920135
0.6772200387954712
0.6230866312503814
0.5917966500759124
0.551246561384201
0.5165351016044617
0.48336632359027865
0.4503430150270462
0.42701537296772
0.3918984612226486
0.36588248351812364
0.3456019111990929
0.3139079900622368
0.28944235804080964
0.2658835743904114
0.23769815576076508
0.21444071770906448
0.19237729374170304
0.170848176497221
0.14384479309916495
0.13478174014538527
0.11310101594775915
0.10225102517288179
0.08087271770779043
0.07333794531039893
0.07242384293936192
0.06169433639608324
0.052854863279312846
0.04297908285735175
0.04482220329577103
0.04395185886602849
0.037069941817061046
0.03224161738777766
0.026099419111589667
0.029918888624641114
0.023179365313000744
0.018437408381467686
0.016972851774364243
0.02714634965902078
0.023977022760841647
0.020586369845073206
0.01602856536655745
0.015278754363270128
0.014996882762739552
0.01817468986700551
0.014291013275417935
0.0122376692725069
0.013879247346431294
0.007216795756666397
0.0058848696527049466
0.009289567047145465
0.009640804333403866
0.006875916464232546
0.010956337030633586
0.0049964775042099065
0.007912881044701498
0.0022109799835538526
0.009900463525219675
0.011169238884513107
0.00501121136657639
0.005040759027212107
0.008335650154742507
0.0027383091074201274
0.002637715197964599
0.000410373320042163
0.0005567079069967292
4.508380943292671e-05
1.283620313765823e-05
9.30214020674498e-06
7.68336971094996e-06
6.616877364749385e-06
5.837528778153711e-06
5.2423637182805296e-06
4.7630194381412135e-06
4.371749927986457e-06
4.037298209709661e-06
3.761644611178738e-06
3.520172322643944e-06
3.2975618769569335e-06
3.1303293846001167e-06
2.9660706794881975e-06
2.8227984976350484e-06
2.6887989231884293e-06
2.5714619235600365e-06
2.4647125943733527e-06
2.3679191209161844e-06
2.2779750222763795e-06
2.1950662797060262e-06
2.1192608805534972e-06
2.0463345496974483e-06
1.981457112010432e-06
1.9206525076537416e-06
1.8635003234386716e-06
1.8093191032285461e-06
1.759991586338927e-06
1.7138562303184556e-06
1.6703151422039041e-06
1.6260350117175193e-06
1.5894225151388497e-06
1.5519158548119804e-06
